  1.0000000E+00   6.0102093E-01  -5.3125450E-03  -9.5460908E-01  -6.1128988E-01   9.9842622E-01   9.9842622E-01   3.2793464E-01  -4.4400623E-01  -6.5691447E-01  -4.4400623E-01  -6.5691447E-01   3.2955013E-02  -3.1029096E-03   9.1470903E-01  -8.7333724E-01  -9.5149771E-01   9.3240195E-01  -8.7023301E-01   4.8432529E-01  -1.6019772E-01  -1.6019772E-01  -2.0125373E-03   3.7252198E-01  -2.4727820E-01   4.6340078E-02   7.5386250E-01  -3.6129778E-01
  6.0102093E-01   1.0000000E+00  -1.2736802E-02  -5.1889895E-01  -3.5525654E-01   6.0087950E-01   6.0087950E-01   6.6890071E-01   1.2762791E-01  -8.6386504E-02   1.2762791E-01  -8.6386505E-02   4.6860061E-01  -1.2316457E-02   5.0422198E-01  -4.5960277E-01  -5.1761407E-01   5.0850451E-01  -4.6896850E-01   2.6158421E-01  -2.4373743E-01  -2.4373743E-01   1.0317740E-01   1.7515151E-01  -1.1254521E-01   4.4387099E-02   3.9456715E-01  -7.5325343E-02
 -5.3125450E-03  -1.2736802E-02   1.0000000E+00   6.4004130E-02   2.7027700E-01  -6.4231757E-03  -6.4231757E-03  -8.6185542E-02   1.1932415E-02  -6.4619441E-03   1.1932420E-02  -6.4619458E-03   4.0808919E-02   9.9802876E-01  -1.6205858E-01  -3.9228188E-02   1.0504144E-01  -2.3437734E-01  -4.0824786E-01   1.6932549E-02  -8.1286608E-03  -8.1286608E-03  -5.8184522E-03   2.6311492E-02  -1.7463594E-02  -6.8766699E-03   3.0130982E-02  -1.9236584E-02
 -9.5460908E-01  -5.1889895E-01   6.4004130E-02   1.0000000E+00   6.9072066E-01  -9.4987817E-01  -9.4987817E-01  -8.1368044E-02   6.6267540E-01   8.1748907E-01   6.6267541E-01   8.1748907E-01   2.3437194E-01   6.1207078E-02  -9.7230121E-01   8.8272126E-01   9.9915191E-01  -9.8447531E-01   8.8414316E-01  -4.9332136E-01   1.5696536E-01   1.5696536E-01   4.1593426E-02  -3.3337510E-01   2.4237817E-01  -7.6671800E-02  -7.5743424E-01   4.1344869E-01
 -6.1128988E-01  -3.5525654E-01   2.7027700E-01   6.9072066E-01   1.0000000E+00  -6.0942695E-01  -6.0942695E-01  -1.0110905E-01   4.3129357E-01   4.1527669E-01   4.3129357E-01   4.1527669E-01   3.5515298E-01   2.6795659E-01  -8.3590027E-01   2.7289293E-01   6.9946257E-01  -7.1977781E-01   5.2190933E-01  -3.1508337E-01   1.0492636E-01   1.0492636E-01   1.0554031E-02   4.2077182E-01  -1.8324331E-01  -4.7616814E-01  -2.7583826E-01   2.4566969E-01
  9.9842622E-01   6.0087950E-01  -6.4231757E-03  -9.4987817E-01  -6.0942695E-01   1.0000000E+00   1.0000000E+00   3.2720160E-01  -4.4256511E-01  -6.5458353E-01  -4.4256512E-01  -6.5458353E-01   3.2951158E-02  -4.2059383E-03   9.1276423E-01  -8.6960455E-01  -9.4682913E-01   9.2977117E-01  -8.6652118E-01   4.8715244E-01  -1.4619686E-01  -1.4619686E-01   1.9268943E-02   3.7190404E-01  -2.3762276E-01   4.8775747E-02   7.5563067E-01  -3.3893844E-01
  9.9842622E-01   6.0087950E-01  -6.4231757E-03  -9.4987817E-01  -6.0942695E-01   1.0000000E+00   1.0000000E+00   3.2720160E-01  -4.4256511E-01  -6.5458353E-01  -4.4256512E-01  -6.5458353E-01   3.2951158E-02  -4.2059383E-03   9.1276423E-01  -8.6960455E-01  -9.4682913E-01   9.2977117E-01  -8.6652118E-01   4.8715244E-01  -1.4619686E-01  -1.4619686E-01   1.9268943E-02   3.7190404E-01  -2.3762276E-01   4.8775747E-02   7.5563067E-01  -3.3893844E-01
  3.2793464E-01   6.6890071E-01  -8.6185542E-02  -8.1368044E-02  -1.0110905E-01   3.2720160E-01   3.2720160E-01   1.0000000E+00   6.9143422E-01   4.7861706E-01   6.9143422E-01   4.7861706E-01   8.9407931E-01  -8.7397453E-02   9.4657322E-02  -4.5867131E-02  -8.4640225E-02   9.3778897E-02  -3.4848888E-02   4.0213438E-02  -1.4914145E-01  -1.4914145E-01   8.6673365E-02  -1.1436758E-02   1.0430219E-02   3.6013285E-02   4.1332532E-02   6.9791126E-02
 -4.4400623E-01   1.2762791E-01   1.1932415E-02   6.6267540E-01   4.3129357E-01  -4.4256511E-01  -4.4256511E-01   6.9143422E-01   1.0000000E+00   9.5101272E-01   1.0000000E+00   9.5101272E-01   8.4383557E-01   8.9433636E-03  -6.3686773E-01   6.0192880E-01   6.6085571E-01  -6.4819150E-01   6.0017459E-01  -3.2765462E-01  -7.0142722E-03  -7.0142722E-03   8.8128847E-02  -2.4885083E-01   1.7957844E-01  -2.9473531E-02  -5.1774614E-01   3.4412991E-01
 -6.5691447E-01  -8.6386504E-02  -6.4619441E-03   8.1748907E-01   4.1527669E-01  -6.5458353E-01  -6.5458353E-01   4.7861706E-01   9.5101272E-01   1.0000000E+00   9.5101273E-01   1.0000000E+00   6.3663942E-01  -9.5083803E-03  -7.4966730E-01   8.1925722E-01   8.1437027E-01  -7.9561865E-01   7.4619963E-01  -4.0876616E-01   4.5447329E-02   4.5447329E-02   7.9970512E-02  -4.6009533E-01   3.0316743E-01   6.3534145E-02  -6.9392523E-01   3.9487546E-01
 -4.4400623E-01   1.2762791E-01   1.1932420E-02   6.6267541E-01   4.3129357E-01  -4.4256512E-01  -4.4256512E-01   6.9143422E-01   1.0000000E+00   9.5101273E-01   1.0000000E+00   9.5101273E-01   8.4383557E-01   8.9433688E-03  -6.3686774E-01   6.0192880E-01   6.6085571E-01  -6.4819150E-01   6.0017459E-01  -3.2765463E-01  -7.0142706E-03  -7.0142706E-03   8.8128848E-02  -2.4885083E-01   1.7957844E-01  -2.9473531E-02  -5.1774615E-01   3.4412992E-01
 -6.5691447E-01  -8.6386505E-02  -6.4619458E-03   8.1748907E-01   4.1527669E-01  -6.5458353E-01  -6.5458353E-01   4.7861706E-01   9.5101272E-01   1.0000000E+00   9.5101273E-01   1.0000000E+00   6.3663942E-01  -9.5083819E-03  -7.4966730E-01   8.1925722E-01   8.1437027E-01  -7.9561865E-01   7.4619964E-01  -4.0876615E-01   4.5447330E-02   4.5447330E-02   7.9970514E-02  -4.6009533E-01   3.0316744E-01   6.3534146E-02  -6.9392523E-01   3.9487546E-01
  3.2955013E-02   4.6860061E-01   4.0808919E-02   2.3437194E-01   3.5515298E-01   3.2951158E-02   3.2951158E-02   8.9407931E-01   8.4383557E-01   6.3663942E-01   8.4383557E-01   6.3663942E-01   1.0000000E+00   3.8645645E-02  -2.8735779E-01   7.9671737E-02   2.3523803E-01  -2.3587477E-01   2.0208937E-01  -1.0511621E-01  -9.4938131E-02  -9.4938131E-02   8.6015434E-02   1.7872894E-01  -7.2900880E-02  -1.8137702E-01  -8.6368496E-02   1.7675439E-01
 -3.1029096E-03  -1.2316457E-02   9.9802876E-01   6.1207078E-02   2.6795659E-01  -4.2059383E-03  -4.2059383E-03  -8.7397453E-02   8.9433636E-03  -9.5083803E-03   8.9433688E-03  -9.5083819E-03   3.8645645E-02   1.0000000E+00  -1.5916303E-01  -4.1562281E-02   1.0217281E-01  -2.3134454E-01  -4.1022366E-01   1.8091232E-02  -3.5762848E-02  -3.5762848E-02  -5.7030636E-03   2.7190725E-02  -1.7999847E-02  -6.7903029E-03   3.1981221E-02  -1.9962812E-02
  9.1470903E-01   5.0422198E-01  -1.6205858E-01  -9.7230121E-01  -8.3590027E-01   9.1276423E-01   9.1276423E-01   9.4657322E-02  -6.3686773E-01  -7.4966730E-01  -6.3686774E-01  -7.4966730E-01  -2.8735779E-01  -1.5916303E-01   1.0000000E+00  -7.5537235E-01  -9.7559554E-01   9.7627542E-01  -8.1916571E-01   4.7665514E-01  -1.4277116E-01  -1.4277116E-01  -1.5124604E-02   1.2863224E-01  -1.2620431E-01   2.0421964E-01   6.6826511E-01  -3.7067988E-01
 -8.7333724E-01  -4.5960277E-01  -3.9228188E-02   8.8272126E-01   2.7289293E-01  -8.6960455E-01  -8.6960455E-01  -4.5867131E-02   6.0192880E-01   8.1925722E-01   6.0192880E-01   8.1925722E-01   7.9671737E-02  -4.1562281E-02  -7.5537235E-01   1.0000000E+00   8.7802292E-01  -8.5297190E-01   8.1466100E-01  -4.4458608E-01   1.3490062E-01   1.3490062E-01   4.2533101E-02  -7.2588768E-01   4.5588545E-01   2.2227607E-01  -8.3151532E-01   3.7840557E-01
 -9.5149771E-01  -5.1761407E-01   1.0504144E-01   9.9915191E-01   6.9946257E-01  -9.4682913E-01  -9.4682913E-01  -8.4640225E-02   6.6085571E-01   8.1437027E-01   6.6085571E-01   8.1437027E-01   2.3523803E-01   1.0217281E-01  -9.7559554E-01   8.7802292E-01   1.0000000E+00  -9.9071109E-01   8.6421388E-01  -4.9090154E-01   1.5608232E-01   1.5608232E-01   4.1208234E-02  -3.3112635E-01   2.4081197E-01  -7.6688034E-02  -7.5354837E-01   4.1121248E-01
  9.3240195E-01   5.0850451E-01  -2.3437734E-01  -9.8447531E-01  -7.1977781E-01   9.2977117E-01   9.2977117E-01   9.3778897E-02  -6.4819150E-01  -7.9561865E-01  -6.4819150E-01  -7.9561865E-01  -2.3587477E-01  -2.3134454E-01   9.7627542E-01  -8.5297190E-01  -9.9071109E-01   1.0000000E+00  -7.9133395E-01   4.8132883E-01  -1.4411496E-01  -1.4411496E-01  -2.4268464E-02   3.2042126E-01  -2.2792166E-01   7.8049199E-02   7.3671843E-01  -3.8465139E-01
 -8.7023301E-01  -4.6896850E-01  -4.0824786E-01   8.8414316E-01   5.2190933E-01  -8.6652118E-01  -8.6652118E-01  -3.4848888E-02   6.0017459E-01   7.4619963E-01   6.0017459E-01   7.4619964E-01   2.0208937E-01  -4.1022366E-01  -8.1916571E-01   8.1466100E-01   8.6421388E-01  -7.9133395E-01   1.0000000E+00  -4.6082242E-01   1.4889518E-01   1.4889518E-01   3.1027823E-02  -2.9521101E-01   2.1526982E-01  -8.2745439E-02  -7.0154882E-01   3.7721917E-01
  4.8432529E-01   2.6158421E-01   1.6932549E-02  -4.9332136E-01  -3.1508337E-01   4.8715244E-01   4.8715244E-01   4.0213438E-02  -3.2765462E-01  -4.0876616E-01  -3.2765463E-01  -4.0876615E-01  -1.0511621E-01   1.8091232E-02   4.7665514E-01  -4.4458608E-01  -4.9090154E-01   4.8132883E-01  -4.6082242E-01   1.0000000E+00  -8.3035709E-02  -8.3035709E-02   5.1063698E-01   2.7701126E-01   4.8289770E-01   7.0167525E-01   8.2312750E-01  -1.5442648E-01
 -1.6019772E-01  -2.4373743E-01  -8.1286608E-03   1.5696536E-01   1.0492636E-01  -1.4619686E-01  -1.4619686E-01  -1.4914145E-01  -7.0142722E-03   4.5447329E-02  -7.0142706E-03   4.5447330E-02  -9.4938131E-02  -3.5762848E-02  -1.4277116E-01   1.3490062E-01   1.5608232E-01  -1.4411496E-01   1.4889518E-01  -8.3035709E-02   1.0000000E+00   1.0000000E+00  -2.3815256E-02  -4.6472845E-02   4.0722366E-02  -2.8052065E-02  -1.0986969E-01   3.4180171E-02
 -1.6019772E-01  -2.4373743E-01  -8.1286608E-03   1.5696536E-01   1.0492636E-01  -1.4619686E-01  -1.4619686E-01  -1.4914145E-01  -7.0142722E-03   4.5447329E-02  -7.0142706E-03   4.5447330E-02  -9.4938131E-02  -3.5762848E-02  -1.4277116E-01   1.3490062E-01   1.5608232E-01  -1.4411496E-01   1.4889518E-01  -8.3035709E-02   1.0000000E+00   1.0000000E+00  -2.3815256E-02  -4.6472845E-02   4.0722366E-02  -2.8052065E-02  -1.0986969E-01   3.4180171E-02
 -2.0125373E-03   1.0317740E-01  -5.8184522E-03   4.1593426E-02   1.0554031E-02   1.9268943E-02   1.9268943E-02   8.6673365E-02   8.8128847E-02   7.9970512E-02   8.8128848E-02   7.9970514E-02   8.6015434E-02  -5.7030636E-03  -1.5124604E-02   4.2533101E-02   4.1208234E-02  -2.4268464E-02   3.1027823E-02   5.1063698E-01  -2.3815256E-02  -2.3815256E-02   1.0000000E+00   3.9700276E-02   4.7444217E-01   4.6782115E-01   2.9337570E-01   7.7062667E-01
  3.7252198E-01   1.7515151E-01   2.6311492E-02  -3.3337510E-01   4.2077182E-01   3.7190404E-01   3.7190404E-01  -1.1436758E-02  -2.4885083E-01  -4.6009533E-01  -2.4885083E-01  -4.6009533E-01   1.7872894E-01   2.7190725E-02   1.2863224E-01  -7.2588768E-01  -3.3112635E-01   3.2042126E-01  -2.9521101E-01   2.7701126E-01  -4.6472845E-02  -4.6472845E-02   3.9700276E-02   1.0000000E+00  -4.4241179E-01  -4.6539225E-01   6.0685294E-01  -1.5970245E-01
 -2.4727820E-01  -1.1254521E-01  -1.7463594E-02   2.4237817E-01  -1.8324331E-01  -2.3762276E-01  -2.3762276E-01   1.0430219E-02   1.7957844E-01   3.0316743E-01   1.7957844E-01   3.0316744E-01  -7.2900880E-02  -1.7999847E-02  -1.2620431E-01   4.5588545E-01   2.4081197E-01  -2.2792166E-01   2.1526982E-01   4.8289770E-01   4.0722366E-02   4.0722366E-02   4.7444217E-01  -4.4241179E-01   1.0000000E+00   8.6322173E-01  -8.7473987E-02   1.8726124E-01
  4.6340078E-02   4.4387099E-02  -6.8766699E-03  -7.6671800E-02  -4.7616814E-01   4.8775747E-02   4.8775747E-02   3.6013285E-02  -2.9473531E-02   6.3534145E-02  -2.9473531E-02   6.3534146E-02  -1.8137702E-01  -6.7903029E-03   2.0421964E-01   2.2227607E-01  -7.6688034E-02   7.8049199E-02  -8.2745439E-02   7.0167525E-01  -2.8052065E-02  -2.8052065E-02   4.6782115E-01  -4.6539225E-01   8.6322173E-01   1.0000000E+00   2.2932513E-01   1.7493545E-02
  7.5386250E-01   3.9456715E-01   3.0130982E-02  -7.5743424E-01  -2.7583826E-01   7.5563067E-01   7.5563067E-01   4.1332532E-02  -5.1774614E-01  -6.9392523E-01  -5.1774615E-01  -6.9392523E-01  -8.6368496E-02   3.1981221E-02   6.6826511E-01  -8.3151532E-01  -7.5354837E-01   7.3671843E-01  -7.0154882E-01   8.2312750E-01  -1.0986969E-01  -1.0986969E-01   2.9337570E-01   6.0685294E-01  -8.7473987E-02   2.2932513E-01   1.0000000E+00  -2.7298542E-01
 -3.6129778E-01  -7.5325343E-02  -1.9236584E-02   4.1344869E-01   2.4566969E-01  -3.3893844E-01  -3.3893844E-01   6.9791126E-02   3.4412991E-01   3.9487546E-01   3.4412992E-01   3.9487546E-01   1.7675439E-01  -1.9962812E-02  -3.7067988E-01   3.7840557E-01   4.1121248E-01  -3.8465139E-01   3.7721917E-01  -1.5442648E-01   3.4180171E-02   3.4180171E-02   7.7062667E-01  -1.5970245E-01   1.8726124E-01   1.7493545E-02  -2.7298542E-01   1.0000000E+00
